{
  "advancedEditorSelectedIdentifier" : "ProjectBrowser",
  "openSceneRelativePaths" : [
    "Immersive.usda"
  ],
  "recentIdentifiers" : {
    "AF09ED6F-1707-48FD-8720-65B998362C09" : [

    ]
  },
  "sceneCameraHistory" : {
    "AF09ED6F-1707-48FD-8720-65B998362C09" : [
      {
        "date" : 716904840.60990798,
        "title" : "Untitled",
        "transform" : [
          0.99074947834014893,
          4.0537688761332902e-09,
          -0.13570381700992584,
          0,
          -0.028281444683670998,
          0.97804242372512817,
          -0.20647770166397095,
          0,
          0.1327240914106369,
          0.20840561389923096,
          0.96899509429931641,
          0,
          0.30672171711921692,
          2.221754789352417,
          0.0068573951721191406,
          1
        ]
      },
      {
        "date" : 716904769.18770897,
        "title" : "Untitled",
        "transform" : [
          0.84372842311859131,
          4.0537684320440803e-09,
          0.53677022457122803,
          0,
          0.11186590790748596,
          0.97804242372512817,
          -0.17583772540092468,
          0,
          -0.52498406171798706,
          0.20840558409690857,
          0.82520222663879395,
          0,
          -0.76204347610473633,
          1.9562116861343384,
          -0.050082683563232422,
          1
        ]
      },
      {
        "date" : 716897749.95802402,
        "title" : "Untitled",
        "transform" : [
          0.84372830390930176,
          4.0537679879548705e-09,
          0.53677016496658325,
          0,
          0.11186590790748596,
          0.97804242372512817,
          -0.17583772540092468,
          0,
          -0.52498406171798706,
          0.20840558409690857,
          0.82520222663879395,
          0,
          -0.89585840702056885,
          1.7355514764785767,
          -0.079485654830932617,
          1
        ]
      },
      {
        "date" : 716897739.15186203,
        "title" : "Untitled",
        "transform" : [
          0.91705042123794556,
          3.9114240735216299e-09,
          0.39877107739448547,
          0,
          0.070638798177242279,
          0.98418539762496948,
          -0.16244745254516602,
          0,
          -0.39246469736099243,
          0.17714123427867889,
          0.90254771709442139,
          0,
          -0.35173657536506653,
          1.6236748695373535,
          0.065703585743904114,
          1
        ]
      },
      {
        "date" : 716897730.82909596,
        "title" : "Untitled",
        "transform" : [
          0.11699213832616806,
          4.1711584344739094e-05,
          0.9931328296661377,
          0,
          0.36105185747146606,
          0.93157345056533813,
          -0.042571432888507843,
          0,
          -0.92517799139022827,
          0.36355301737785339,
          0.1089717224240303,
          0,
          -3.405508279800415,
          2.1790482997894287,
          -2.0054006576538086,
          1
        ]
      },
      {
        "date" : 716897721.22081006,
        "title" : "Untitled",
        "transform" : [
          0.25743037462234497,
          4.1711948142619804e-05,
          0.96629685163497925,
          0,
          0.53616809844970703,
          0.83193159103393555,
          -0.1428760290145874,
          0,
          -0.80389887094497681,
          0.55487817525863647,
          0.21414211392402649,
          0,
          -2.6204471588134766,
          2.8921387195587158,
          -1.6770585775375366,
          1
        ]
      },
      {
        "date" : 716897701.71342003,
        "title" : "Untitled",
        "transform" : [
          -0.42894929647445679,
          2.889061878619259e-09,
          0.90332859754562378,
          0,
          0.42705133557319641,
          0.88119488954544067,
          0.20278707146644592,
          0,
          -0.79600852727890015,
          0.47275301814079285,
          -0.37798792123794556,
          0,
          -6.7975149154663086,
          4.5105910301208496,
          -7.8646926879882812,
          1
        ]
      },
      {
        "date" : 716897598.51059198,
        "title" : "Untitled",
        "transform" : [
          0.99785220623016357,
          4.2571448588546446e-09,
          0.065504603087902069,
          0,
          0.013261898420751095,
          0.97929108142852783,
          -0.20202267169952393,
          0,
          -0.064148113131523132,
          0.20245750248432159,
          0.97718775272369385,
          0,
          -0.32827937602996826,
          2.0272619724273682,
          1.9723827838897705,
          1
        ]
      },
      {
        "date" : 716897592.12250102,
        "title" : "Untitled",
        "transform" : [
          0.90431904792785645,
          4.213459359192484e-09,
          -0.42685717344284058,
          0,
          -0.076567016541957855,
          0.98378098011016846,
          -0.16221119463443756,
          0,
          0.41993394494056702,
          0.17937386035919189,
          0.88965189456939697,
          0,
          1.4653383493423462,
          1.9443639516830444,
          1.9485007524490356,
          1
        ]
      },
      {
        "date" : 716897575.93936503,
        "title" : "Untitled",
        "transform" : [
          0.74954760074615479,
          -5.9743721081417789e-09,
          0.66195046901702881,
          0,
          0.1026504710316658,
          0.98790311813354492,
          -0.11623439192771912,
          0,
          -0.65394288301467896,
          0.15507273375988007,
          0.74048036336898804,
          0,
          -1.6655460596084595,
          1.7383379936218262,
          2.3194427490234375,
          1
        ]
      }
    ]
  },
  "selectedSceneRelativePath" : "Immersive.usda"
}